gan_type,train_size,epochs,building_type,avg_r2,median_r2,25th_percent_r2,75th_percent_r2,iqr_r2
og_gan,100,50,building_type_7,0.9434947160017636,0.9304719622181459,0.8438820916181944,0.9393870737845855,-1.8383122159230787
og_gan,100,50,building_type_12,0.9486098794562361,0.8808284673847389,0.778468591886713,0.938185969752493,-7.050550735129487
og_gan,100,50,building_type_14,0.9374837742360409,0.948979015668286,0.8578268021794968,0.8587760677679885,-0.7001900987668248
og_gan,100,50,building_type_15,0.9635799018767911,0.9630296235688551,0.8926410434295498,0.9246734355497037,-0.016146396808010666
og_gan,100,50,building_type_all,0.9566731777426057,0.9327515184615546,0.8154590351370806,0.7691036271269783,0.8241221014014635
og_gan,100,100,building_type_7,0.9789271782552434,0.9737645778279679,0.9618263746079979,0.960820199152478,0.06485414186915095
og_gan,100,100,building_type_12,0.986470050643726,0.9863406910956044,0.968652702969709,0.984255603410516,-0.2566834043698434
og_gan,100,100,building_type_14,0.9481156322147013,0.9257917192298505,0.8160736640836606,0.9481130638445627,0.16697118753310025
og_gan,100,100,building_type_15,0.9585848635125939,0.9498124186454293,0.9029365900709421,0.9487984219937449,0.55595984667638
og_gan,100,100,building_type_all,0.9567437599610946,0.9854908012819482,0.9709941889534945,0.879374857110913,0.9041647338900566
og_gan,100,150,building_type_7,0.9925845850121822,0.9902758435841752,0.9824041852288131,0.976323513248399,0.18169943159478064
og_gan,100,150,building_type_12,0.9837290931249695,0.9827067428391109,0.9863060049901257,0.9646603313790725,-0.4109277948493204
og_gan,100,150,building_type_14,0.9414956767275975,0.937395587733904,0.9195631784591219,0.9393140389640335,0.8033698756520435
og_gan,100,150,building_type_15,0.942634963976988,0.9316334638560145,0.9346525222061501,0.8839706111486129,0.37416424495827594
og_gan,100,150,building_type_all,0.948647494976659,0.9698142616550142,0.9842789137781434,0.934129727126398,0.945100706247077
og_gan,100,200,building_type_7,0.9963006796607929,0.9955823273401676,0.9856172457212461,0.9878388513517544,0.4492951138653114
og_gan,100,200,building_type_12,0.9934681457734771,0.9930704286938811,0.985871516255111,0.9840624560036798,-0.26433228488692384
og_gan,100,200,building_type_14,0.98859632853249,0.9872496721170968,0.989207194242165,0.9890950191703588,0.9713620636143568
og_gan,100,200,building_type_15,0.9580802320062516,0.9560356783902486,0.959424986666554,0.93679241604503,0.7502515715722449
og_gan,100,200,building_type_all,0.9815055311903976,0.9883728292824939,0.9896836497299129,0.9673676817495022,0.9684990847440831
og_gan,100,250,building_type_7,0.9943806739348853,0.9937575227207298,0.9765885787055,0.9946517981468259,0.5478013636434271
og_gan,100,250,building_type_12,0.9921844542777926,0.9904591787408131,0.9835035613848945,0.9799818063414769,-0.50495861803675
og_gan,100,250,building_type_14,0.9708390361961033,0.9716003287887118,0.9763117187740024,0.9683398747929055,0.9258638361162397
og_gan,100,250,building_type_15,0.9858397135878024,0.9824419436987685,0.9765790843081685,0.9823569419867313,0.9010954649894669
og_gan,100,250,building_type_all,0.9935621163498304,0.9845429189188567,0.9876286152823107,0.9412081683463165,0.9470252949108576
og_gan,100,300,building_type_7,0.9913493875199112,0.988602073735165,0.9760188262626034,0.993676967194542,0.7473067703674217
og_gan,100,300,building_type_12,0.9895711599206994,0.9907503923032647,0.9706289364845321,0.9936542794122516,0.10890661789066769
og_gan,100,300,building_type_14,0.9896859564305202,0.978544567155749,0.9823398279377898,0.9911244110997331,0.962608923884202
og_gan,100,300,building_type_15,0.9903463566590146,0.986144134237355,0.9873587088032726,0.9855620929918587,0.929042305517854
og_gan,100,300,building_type_all,0.9890239003621665,0.9933850463352223,0.9775939988242077,0.9369598084326123,0.9491460148812669
og_gan,100,350,building_type_7,0.9952721056998637,0.9945075571559296,0.9842517593988803,0.9977200255523788,0.7897664498186784
og_gan,100,350,building_type_12,0.9654157045271586,0.9581372034576886,0.9815754980661008,0.9414326938433556,0.27570295022012137
og_gan,100,350,building_type_14,0.9944289290291851,0.9910174651145552,0.9916620876812564,0.9949035612709729,0.967031448371056
og_gan,100,350,building_type_15,0.9931775608555748,0.9930767017250394,0.9892617553737166,0.9927238109116129,0.9445053564972627
og_gan,100,350,building_type_all,0.9951668379215942,0.9484747792448427,0.9772789845374983,0.9707385893497054,0.9723934085064289
og_gan,100,400,building_type_7,0.9954766003381937,0.9952184180672605,0.9956750682221549,0.9860753504068756,0.6652571931702631
og_gan,100,400,building_type_12,0.8641179450133862,0.8759972781238675,0.8105637637175009,0.9069781301868483,0.5694476514087639
og_gan,100,400,building_type_14,0.9896146007504196,0.9868797140210439,0.9938758357893794,0.984579391752892,0.9367304637413033
og_gan,100,400,building_type_15,0.9945309050279195,0.9922603540358184,0.9897980592739679,0.9906477586119343,0.9285366361803319
og_gan,100,400,building_type_all,0.9936070682648495,0.8975561752281634,0.830305712702194,0.9637169346733178,0.9620511258799018
og_gan,100,450,building_type_7,0.9971657592181337,0.9957516364937603,0.9917413312885716,0.997046523275618,0.8651207188643978
og_gan,100,450,building_type_12,0.9914131203783004,0.9931131984879688,0.9736932495887877,0.9949288635006541,0.19070624344504117
og_gan,100,450,building_type_14,0.986177990327026,0.9838480972580304,0.989019870957358,0.9869319246518897,0.9660114466974192
og_gan,100,450,building_type_15,0.991353624080198,0.9885396255901154,0.9884033170981351,0.9874670056720397,0.9202571271373114
og_gan,100,450,building_type_all,0.9961336486808983,0.9951619839296559,0.9786066434299081,0.9538096138901546,0.9557614441669787
og_gan,100,500,building_type_7,0.9939750219804906,0.9928497665873169,0.9943389053126125,0.9895737232210726,0.8413913043737833
og_gan,100,500,building_type_12,0.9712130805828206,0.9749543853494979,0.9463702514791381,0.9860858606022547,0.5460274995131633
og_gan,100,500,building_type_14,0.9818608213018,0.9826691664088499,0.9871147938022112,0.9826691199263551,0.97085661677983
og_gan,100,500,building_type_15,0.9943758790685973,0.9933167929780387,0.9910071252778581,0.9923802815062874,0.9525866987814468
og_gan,100,500,building_type_all,0.9960336779155005,0.9828983696695502,0.9557282209046308,0.9785587798603143,0.974281337113399
og_gan,100,550,building_type_7,0.9969370583309607,0.9945928649860135,0.994848564864771,0.9952529978233163,0.9414890070453431
og_gan,100,550,building_type_12,0.9926114530715345,0.9937334850334657,0.9835454124667152,0.996620029910292,0.7162197792289564
og_gan,100,550,building_type_14,0.9853970292201946,0.9863777329434973,0.9881688574935409,0.9870943280647757,0.9671862955686447
og_gan,100,550,building_type_15,0.9963620112941444,0.9932238086603541,0.9931771166675444,0.9945593449009368,0.9545452574609331
og_gan,100,550,building_type_all,0.9976291591523142,0.9954181776526863,0.9870133607227388,0.9827939435295988,0.980924674866222
og_gan,100,600,building_type_7,0.9890675785231251,0.9815788326871409,0.9738938749322211,0.9928527919970895,0.8890344693502292
og_gan,100,600,building_type_12,0.992647721387222,0.9900180752330195,0.9967287995412303,0.9852144935787059,0.6680363488350936
og_gan,100,600,building_type_14,0.9910759004824454,0.986848774519421,0.9914906952170046,0.9914454369377055,0.9753018818957454
og_gan,100,600,building_type_15,0.9963919071293446,0.9919844085111903,0.9930296196701883,0.9944205690237298,0.9582984584374852
og_gan,100,600,building_type_all,0.9965386699206272,0.986399621827937,0.9951363396165808,0.9834801516276553,0.9866124234156953
og_gan,100,650,building_type_7,0.9932409358589975,0.985879805293912,0.9880788057936568,0.9916583226149538,0.8832434224608998
og_gan,100,650,building_type_12,0.9111596234984305,0.9170571858443246,0.8854553583440672,0.9308641181036725,0.7909176862977446
og_gan,100,650,building_type_14,0.9894814900080059,0.9870188344474748,0.991072451571102,0.9891751881478451,0.9753390492194376
og_gan,100,650,building_type_15,0.998075142089145,0.9931510090422262,0.9943650339462842,0.9965330453401757,0.9623698100900948
og_gan,100,650,building_type_all,0.9947052597233871,0.9293718691429321,0.8980764186838476,0.9773862444816572,0.9722299853095225
og_gan,100,700,building_type_7,0.9848929255661523,0.970222021842041,0.9743108354046335,0.9876799527233118,0.9350744742460416
og_gan,100,700,building_type_12,0.9974244022396611,0.9966792206306537,0.993661172625643,0.9969873224488529,0.6880783764167951
og_gan,100,700,building_type_14,0.9965271871529201,0.9910391655985629,0.9972597296998726,0.9956836821941962,0.9842158626691715
og_gan,100,700,building_type_15,0.9970629960522646,0.9927748613469818,0.9955011343866315,0.9943580609518617,0.9582764173622975
og_gan,100,700,building_type_all,0.9978895389819822,0.9968450349562941,0.9947750298346166,0.9845270462389983,0.9855523198939193
og_gan,100,750,building_type_7,0.9954347828005587,0.9865743993353812,0.988304393757635,0.9967726987575942,0.928410487715493
og_gan,100,750,building_type_12,0.9950702806488255,0.994708808472082,0.9972604523351072,0.9910138787843311,0.7736126246538397
og_gan,100,750,building_type_14,0.9981205525285014,0.9918962343116375,0.9972766533282315,0.9968850871088375,0.9739562544289202
og_gan,100,750,building_type_15,0.9961160424469481,0.9895347847990903,0.9941862954745752,0.9941175430123463,0.9667690707456609
og_gan,100,750,building_type_all,0.9974356299755565,0.9927981970787583,0.9967071147197997,0.9792553140715149,0.9814817055084956
og_gan,100,800,building_type_7,0.9945078929478876,0.9896459524803423,0.9921699514385273,0.9922880234485286,0.871877112601255
og_gan,100,800,building_type_12,0.9952339971131076,0.9956201482490616,0.991099756500095,0.9963641308770194,0.8853039587057311
og_gan,100,800,building_type_14,0.9939479954254923,0.9867012048324468,0.9956039936323947,0.9937818905487251,0.9832192500654506
og_gan,100,800,building_type_15,0.9904608288863431,0.9872193260999443,0.9891815700958027,0.9886545946462139,0.9626747617221613
og_gan,100,800,building_type_all,0.9940190082388785,0.9965862275168684,0.9930823469422867,0.9791627888283921,0.9802925669190486
og_gan,100,850,building_type_7,0.9976226417633199,0.9884893498549202,0.9925308783592736,0.9978568133991551,0.902284495466738
og_gan,100,850,building_type_12,0.9827128056940266,0.9822545047149114,0.9708014566974152,0.987999765688561,0.8763546091093407
og_gan,100,850,building_type_14,0.9943929962798757,0.986622115005605,0.9959218412996859,0.9939655255028602,0.977096181606831
og_gan,100,850,building_type_15,0.9971827718882049,0.9929995701303505,0.9950217979360045,0.9949827541993747,0.966404526088996
og_gan,100,850,building_type_all,0.9983465406754205,0.9856548247255676,0.9752364910249285,0.9795412126252203,0.9794198698669835
og_gan,100,900,building_type_7,0.9821582277131349,0.9633050613574027,0.9746397400665885,0.9859993596747456,0.9554273160015798
og_gan,100,900,building_type_12,0.9978844340381702,0.9972205046836623,0.9920852979134098,0.9989590764621562,0.8518720793225857
og_gan,100,900,building_type_14,0.9976017989602183,0.990954331041044,0.9980667669438633,0.995944933700382,0.9770814260093804
og_gan,100,900,building_type_15,0.9934539674961526,0.9834006163335656,0.9937334528412992,0.9916842638118023,0.9661823451197553
og_gan,100,900,building_type_all,0.9953354444064204,0.9981112821126339,0.9941745257729036,0.985903972343327,0.986860108001013
og_gan,100,950,building_type_7,0.9949204000065349,0.9868373742175928,0.9937313569818985,0.9941538162571645,0.9279807739613758
og_gan,100,950,building_type_12,0.9993059854337035,0.9986681725309093,0.9959293997901566,0.9994094662600845,0.8591019326617271
og_gan,100,950,building_type_14,0.9976009825750383,0.9898549569318634,0.9980302429735259,0.9969057253576498,0.9822789949789097
og_gan,100,950,building_type_15,0.9977385707408806,0.9926346468664728,0.9950838310421314,0.9960676214624149,0.9672886179678298
og_gan,100,950,building_type_all,0.9987196414216516,0.999128319292386,0.996851758683265,0.9856099578559534,0.9867536692132141
og_gan,100,1000,building_type_7,0.9753330133252182,0.9508269986943312,0.967538332308663,0.981974823441315,0.9615919560088302
og_gan,100,1000,building_type_12,0.9983628340689515,0.9982315268738691,0.9968350486032761,0.9976181571967159,0.8803146653387168
og_gan,100,1000,building_type_14,0.9928013275370329,0.9855017623759529,0.9938506567198254,0.9927039108387276,0.9817199362115784
og_gan,100,1000,building_type_15,0.9973971549044617,0.9926216718115392,0.994736294577787,0.9962165620698025,0.9684579821198668
og_gan,100,1000,building_type_all,0.9990880509882103,0.9978863269363589,0.9976146430614199,0.9839481067123385,0.9855950762955464
og_gan,100,1050,building_type_7,0.9923790212146303,0.9782809442533201,0.9911728300393324,0.9942907839978393,0.9659373795161775
og_gan,100,1050,building_type_12,0.9984162881509288,0.9978520794645088,0.9946520129372346,0.9987588109387133,0.8780497979953797
og_gan,100,1050,building_type_14,0.9969207970953771,0.9917879256614511,0.9983875545287213,0.9953477371662967,0.978370815297505
og_gan,100,1050,building_type_15,0.9971114842842309,0.9926607085438155,0.9946951779211088,0.995402500857563,0.9684471235837856
og_gan,100,1050,building_type_all,0.9983312942517095,0.9984252947966393,0.9962312301630242,0.9882930404988108,0.9891201084731528
og_gan,100,1100,building_type_7,0.98501135059973,0.9867533020025577,0.9850869215883612,0.9828755836994654,0.9666998725256727
og_gan,100,1100,building_type_12,0.994797686468526,0.9951358439136937,0.9964835261992055,0.9935552891503803,0.9064523266375651
og_gan,100,1100,building_type_14,0.9892003640700058,0.9855755489626838,0.992446285935705,0.9884082541853855,0.9785224466005968
og_gan,100,1100,building_type_15,0.99734793145381,0.991999080552385,0.9949190724920561,0.995682812248377,0.9670078794608339
og_gan,100,1100,building_type_all,0.9938667507248176,0.9937577142558168,0.9953367138918496,0.9828292391721403,0.9862572850221691
og_gan,100,1150,building_type_7,0.9928142085714508,0.990522036893791,0.9922733706200163,0.9932709538821017,0.9793349442136815
og_gan,100,1150,building_type_12,0.9961004468047961,0.9952346487892818,0.9930137349357699,0.9966865776921019,0.9553587819748914
og_gan,100,1150,building_type_14,0.994823226958815,0.9888249198673432,0.9964719099989354,0.9936354808993583,0.9772997658416085
og_gan,100,1150,building_type_15,0.9974899603682719,0.993091748720096,0.9941905574744828,0.9972085947977388,0.9730308932087073
og_gan,100,1150,building_type_all,0.9983383270932145,0.9961597479458981,0.9947162115120222,0.985337617271275,0.986335963249437
og_gan,100,1200,building_type_7,0.9953559364813374,0.9793096519447773,0.9942222873421562,0.9975108639590731,0.9701200939253687
og_gan,100,1200,building_type_12,0.9770530863052694,0.9747095541284121,0.9678853109232464,0.9816772063540142,0.9511758166375359
og_gan,100,1200,building_type_14,0.9950587314286307,0.9902742951736403,0.997484771660475,0.9934956397989063,0.9759685982767665
og_gan,100,1200,building_type_15,0.9958688703827223,0.9926874490250481,0.9933205209709423,0.9936963354737259,0.967738545050502
og_gan,100,1200,building_type_all,0.9985349144964175,0.9790591783067435,0.9723155347507074,0.984607548665233,0.9851084047091351
og_gan,100,1250,building_type_7,0.9942224583925336,0.9758339445636167,0.9946604674680267,0.9955138730721329,0.9773922678550973
og_gan,100,1250,building_type_12,0.9976575408272621,0.9966323476278602,0.9946741425769386,0.9984489522212022,0.9333395075019516
og_gan,100,1250,building_type_14,0.9953023929058123,0.9922185443610549,0.9975282256829245,0.9937762761830754,0.9775122605705354
og_gan,100,1250,building_type_15,0.9974301302645295,0.9892804394239587,0.9963448828379087,0.995461240616576,0.9662736742479794
og_gan,100,1250,building_type_all,0.9986449417205702,0.9977416917509659,0.9961222835173626,0.9833481426410094,0.9847546415211195
og_gan,100,1300,building_type_7,0.9946545154716733,0.9780674424233741,0.9952932267067062,0.9958349995299668,0.9725638039010233
og_gan,100,1300,building_type_12,0.9969100225389446,0.9954017696287958,0.9937231257906985,0.9979944040096334,0.937443989707372
og_gan,100,1300,building_type_14,0.9910412621829913,0.9859603160419537,0.9937872221184626,0.9900095792595808,0.9802424386061896
og_gan,100,1300,building_type_15,0.9940879071235894,0.9871688110037449,0.9942694966948203,0.9909255446617408,0.9688955234217568
og_gan,100,1300,building_type_all,0.9960113969913248,0.9969592820455364,0.9954485373833193,0.9811178611868147,0.9824498277685155
og_gan,100,1350,building_type_7,0.9946566352693302,0.9771025210527697,0.9944755154383852,0.9969971561034658,0.9781330384995678
og_gan,100,1350,building_type_12,0.9974591199329268,0.9963161099449432,0.9945566400014728,0.9984071788130822,0.9330889946254981
og_gan,100,1350,building_type_14,0.9959333480530358,0.9934407455572974,0.9975927712959958,0.9935296714031608,0.970455465495334
og_gan,100,1350,building_type_15,0.996561822445943,0.9895778447998428,0.9955675789173707,0.9950282455150531,0.9719629209639694
og_gan,100,1350,building_type_all,0.9987483593819864,0.9973609603921868,0.9956883179465865,0.9840962981565466,0.9854462849263952
og_gan,100,1400,building_type_7,0.9917130450652768,0.9739235868939653,0.9920459982666656,0.9941607889902825,0.9770605380262487
og_gan,100,1400,building_type_12,0.993420446885406,0.9906774180231694,0.9878553862940361,0.9961174019498603,0.9066161786276649
og_gan,100,1400,building_type_14,0.993488601715167,0.9898307430061869,0.9964063096778122,0.9919920637660031,0.9766254855280943
og_gan,100,1400,building_type_15,0.9983628579081458,0.9933479286525687,0.996140377535085,0.9960459777305065,0.9696594842299938
og_gan,100,1400,building_type_all,0.9979243561023734,0.9933461606450485,0.9907111601260699,0.9840470695709077,0.9837994463911557
og_gan,100,1450,building_type_7,0.9939890858201151,0.9772822469351565,0.9928816573403678,0.9963058538320829,0.9743785008851099
og_gan,100,1450,building_type_12,0.992833009543879,0.9898270475721098,0.9876875177008296,0.995572478379611,0.9278371419676636
og_gan,100,1450,building_type_14,0.9938081271720937,0.9903239912113797,0.9965092445610186,0.9913959587100503,0.9702903786363131
og_gan,100,1450,building_type_15,0.9914680279067472,0.9877940091371489,0.9904336592544302,0.9892125140374569,0.967189604722396
og_gan,100,1450,building_type_all,0.9973933485003906,0.9929635837730116,0.9901054298778494,0.9840016628663217,0.9844761920473921
og_gan,100,1500,building_type_7,0.9959127042300386,0.9797542565389137,0.9968574806897222,0.9969517880172579,0.9793404786387983
og_gan,100,1500,building_type_12,0.9972498682784301,0.9952516191313154,0.9960308030223377,0.9977249683131009,0.9455786253575842
og_gan,100,1500,building_type_14,0.9920169443882787,0.989928773671797,0.9956973447913272,0.9896042665687317,0.9689903862179289
og_gan,100,1500,building_type_15,0.9982943980251956,0.9913431541285487,0.9975062269598859,0.9959603528524813,0.9718431403155066
og_gan,100,1500,building_type_all,0.9985477022510238,0.9964160735260851,0.9970513920196626,0.9826518549324256,0.9838552664730925
og_gan,100,1550,building_type_7,0.9918814478846159,0.9742265476722833,0.9926523176873008,0.9945232680372805,0.9764323481211801
og_gan,100,1550,building_type_12,0.9975087602873216,0.9955852197132034,0.9944661262689636,0.9987092311307001,0.8971933230831013
og_gan,100,1550,building_type_14,0.9958801100699726,0.9925394245246156,0.9977192637647228,0.9929366356541588,0.9658194015206283
og_gan,100,1550,building_type_15,0.9972527918545324,0.989810032373538,0.9946426261616992,0.9964218779091907,0.97353406684989
og_gan,100,1550,building_type_all,0.9983405545699775,0.9973507803395203,0.9962949111309021,0.9863857856121508,0.9871615940473064
og_gan,100,1600,building_type_7,0.9974030714507734,0.984351315085477,0.9980426683856957,0.998285276049747,0.9760925333270793
og_gan,100,1600,building_type_12,0.9951227465113615,0.9925657897598564,0.991206009159786,0.9973370831782916,0.9281003267533088
og_gan,100,1600,building_type_14,0.9962638865444118,0.9937947421976938,0.9977526880398198,0.9945775785895264,0.9731877229578522
og_gan,100,1600,building_type_15,0.9972466101978515,0.9916069726900502,0.995292464516796,0.9957578767015951,0.9733471667058118
og_gan,100,1600,building_type_all,0.9987604334049567,0.995275903659942,0.9930936889658099,0.9846047283964218,0.9855506089051964
og_gan,100,1650,building_type_7,0.9948364341249737,0.9764093568601199,0.9966047851488281,0.9970606968000606,0.9808494236538245
og_gan,100,1650,building_type_12,0.9967678200229563,0.9955958332737125,0.9943607229603838,0.9979302278832937,0.9230681426093603
og_gan,100,1650,building_type_14,0.9969699160049363,0.994065887355751,0.9984503340182914,0.9943991726320294,0.9696482780766121
og_gan,100,1650,building_type_15,0.995204100484187,0.9922003997704979,0.9928147282761894,0.9932721639502146,0.9665357645905098
og_gan,100,1650,building_type_all,0.9981975806382234,0.9969258640903252,0.9957726103553144,0.9869496003697079,0.9881801360615505
og_gan,100,1700,building_type_7,0.9944083632456941,0.9812606523167666,0.9942031226954148,0.9965689311727001,0.9783852277165765
og_gan,100,1700,building_type_12,0.9855479453057909,0.9816807406812884,0.9754522088589086,0.9916548993969113,0.8834804918858269
og_gan,100,1700,building_type_14,0.9973516649832089,0.9943332706405936,0.9983092017343349,0.9941247812866835,0.9618676399017366
og_gan,100,1700,building_type_15,0.9985220459662844,0.9956502245271942,0.9960630305238997,0.9961196488589521,0.9671703660519515
og_gan,100,1700,building_type_all,0.997962281768627,0.9871884896615923,0.9791662731326594,0.9857230018265614,0.9861516377053049
og_gan,100,1750,building_type_7,0.9973002437565976,0.9848614927474364,0.9985303383982117,0.9976187904839194,0.9798694098156997
og_gan,100,1750,building_type_12,0.9942544037241257,0.9910362105557139,0.9889502956326993,0.9971738577960123,0.9087254996174738
og_gan,100,1750,building_type_14,0.9953089670192447,0.9924831985523127,0.997975037328119,0.9921767935777653,0.9621982013862854
og_gan,100,1750,building_type_15,0.9982272852720885,0.990789187454029,0.9965245841307212,0.9963660183047871,0.9691426601836645
og_gan,100,1750,building_type_all,0.9989747268057879,0.9943640224225505,0.9907852554013136,0.9871573010485988,0.9874581659884325
og_gan,100,1800,building_type_7,0.990881895449684,0.9696583497666004,0.9917924928331567,0.9942037880086362,0.9797561764313487
og_gan,100,1800,building_type_12,0.996378536513069,0.9946479962371093,0.993760790095017,0.9976675967386426,0.9499742947576607
og_gan,100,1800,building_type_14,0.9967097527373926,0.993217989221392,0.998646879126681,0.9938469693116972,0.9675416798641145
og_gan,100,1800,building_type_15,0.9965979726473239,0.9879443339547201,0.9958605631245426,0.9946591857503607,0.9705397786963377
og_gan,100,1800,building_type_all,0.9973839732111146,0.9963107204219714,0.9945382377695415,0.9899345397395382,0.9909283394047733
og_gan,100,1850,building_type_7,0.9948997619305929,0.9802251094849969,0.9936801783560472,0.9974901074646854,0.9698875253682431
og_gan,100,1850,building_type_12,0.9908972718715582,0.9860910327545616,0.9843879695107458,0.9946681994013818,0.9092886106072754
og_gan,100,1850,building_type_14,0.994098013641561,0.9902020355478346,0.9976010424942948,0.9916882204101711,0.9704854896660264
og_gan,100,1850,building_type_15,0.9963284652865745,0.9881262438100963,0.9962206913077988,0.993234631910628,0.9683469254423605
og_gan,100,1850,building_type_all,0.996284414483838,0.9907013389700817,0.9866344788951747,0.9885262672748504,0.9877295245528898
og_gan,100,1900,building_type_7,0.9870523203459083,0.9656180916044369,0.9849524469635866,0.9920255131123031,0.9711238111088458
og_gan,100,1900,building_type_12,0.9981376737309472,0.9959166719725434,0.9956462562672751,0.9991823637536952,0.9022012153147339
og_gan,100,1900,building_type_14,0.9976458506355675,0.9943149309255677,0.9988027681412841,0.9958314813082003,0.9741967605928559
og_gan,100,1900,building_type_15,0.9961403862498298,0.9832524135686556,0.9942111784341576,0.9952137510222906,0.9716545766352268
og_gan,100,1900,building_type_all,0.9968199857730289,0.9978537464329544,0.996684895222486,0.9912089031446113,0.9919090064376205
og_gan,100,1950,building_type_7,0.9922421295776902,0.9753073471653724,0.9896998896135971,0.9966207041073852,0.9572916572339806
og_gan,100,1950,building_type_12,0.9899058212722811,0.9838542618343971,0.9892315415849708,0.9916108670631982,0.9428058122004291
og_gan,100,1950,building_type_14,0.9925538957804795,0.9901051565470494,0.9961816498696806,0.9904911017397461,0.974796173498269
og_gan,100,1950,building_type_15,0.9937357322303949,0.9838538675102807,0.9919758138743764,0.9922611787878273,0.9657586828272362
og_gan,100,1950,building_type_all,0.9942735655875644,0.9879347679092076,0.9904325289326769,0.9878520940474343,0.987305798941482
og_gan,100,2000,building_type_7,0.9926021868112567,0.9759926969715794,0.9903838822299218,0.9968172580850972,0.9604712571285015
og_gan,100,2000,building_type_12,0.995741114632606,0.9929047429007012,0.9913156691163227,0.9981412315098782,0.9047694796131286
og_gan,100,2000,building_type_14,0.9966610972590159,0.993895612387117,0.9984292923046344,0.9936684091954797,0.9678931138754849
og_gan,100,2000,building_type_15,0.9976091582237931,0.9911520655391473,0.9952099973913734,0.9961816060960427,0.9727442703386434
og_gan,100,2000,building_type_all,0.99841666584987,0.9960125154758702,0.9930367759855572,0.9917608395688365,0.9919480535483917
